[Cosmology]
Tgamma = 2.72548
Useh2 = false
Omegamh2 = 0.137
Omegabh2 = 0.02240
Omegakh2 = 0.0
Omegam = 0.286
Omegab = 0.0459
Omegak = 0.0

Neff = 3.046

phi0 = 1.0
phidot0 = 0.1

zInit = 1.0e4
Hubbleh = 0.682
desiredh = 0.7
sigmah = 0.03

model = LinearW
